1.107722694833425514e+01
1.388799511232746511e+02
5.634152988296180098e+01
2.104569551951377946e+02
2.489581833525976435e+02
7.439975372574407686e+01
8.809608824385026082e+01
5.363738851813381103e+01
7.533388011076402790e+01
1.492079185338183844e+00
9.887780709319449102e+01
3.312143814213071096e+02
2.738048754979258703e+01
7.078552660943697106e+01
3.552210103191900430e+02
5.941495475261930181e+01
2.809991278556117322e+01
3.375635043767232446e+02
4.139771744426064259e+01
3.583949362703910992e+02
2.810406456816335208e+02
9.487775952130300539e+01
8.871690392559939653e+01
3.536286369236423752e+02
3.774222572468835324e+01
3.202099063560640957e+02
9.798943830270731326e+01
2.906599369477160053e+02
9.418897208301878266e+01
9.213068924665142845e+01
3.324258500826416451e+01
1.345428678065388794e+02
4.359948466329346672e+01
3.670716394125728499e+01
1.145001213850154187e+02
1.345942082128863433e+02
6.299267248357472226e+01
1.776631842263147973e+02
1.064399368855532373e+02
4.112218016281081390e+01
8.001757978781462555e+01
4.199498566375634567e+01
7.486951097103599295e+01
1.021520204199496078e+02
3.295848573226735994e+02
6.106130878142406004e+01
6.069687969293043750e+01
1.405606364004884234e+01
9.901454590208020079e+01
3.577339299327921367e+02
6.556524126126372209e+01
3.103796486954508964e+02
1.546589529835090104e+02
7.708459422549759665e+01
3.251666473854469928e+02
1.886696080367913453e+01
3.492617342564817591e+02
2.129573914155589520e+01
9.599359692204072303e+01
8.756900827545602795e+01
6.356938639204812347e+01
3.432676543665847362e+02
1.397818547726067173e+01
2.186809740929696773e+02
5.344341590521449348e+01
7.081668992382603278e+01
3.405180761664213662e+01
4.460329327376936703e+01
4.207045070495490791e+01
1.799380220938250119e+01
1.167285349743267204e+02
3.489288193178796291e+02
2.828682435887017732e+02
1.150764908321764466e+02
1.731575276569523112e+02
1.798093847221960289e+02
1.600062165631365119e+01
2.018327102917014884e+02
2.359090602275707482e+01
1.902022879381480891e+02
4.954187083241384215e+01
3.299192445536691025e+02
3.020258235383008127e+01
8.421252733073713159e+01
3.312442770666961565e+02
7.485879077395044590e+01
4.625021217076250224e+01
3.378798137572954374e+02
2.115810176784300367e+01
3.904152746930325435e+01
3.166061363500798507e+02
8.593420265735808528e+01
9.621569097250628033e+01
1.177148439033895357e+02
2.959333584524304115e+02
3.582594266603856568e+02
3.552697848187775094e+02
2.810215267021138530e+01
3.258299522048939707e+02
8.349010804214582038e+01
9.328526119929580318e+01
1.507690930949223400e+02
2.176227883480455816e+01
1.686085402609890025e+02
8.350697456614146574e+01
2.808692486620835211e+02
1.694290737314181570e+02
2.427413896810040228e+02
3.472176726477325701e+02
1.225532012437766696e+02
2.535412556573286338e+02
1.015207120853282987e+02
1.073820511611972535e+02
5.109801927518760323e+01
2.779826466525922513e+01
6.247397753553280353e+01
2.289011971442203475e+00
8.832755724407590492e+01
3.544286847030583658e+02
8.050107301112601021e+01
3.472056990101529550e+02
5.440710496170556354e+01
9.193830336225479982e+01
1.849581374249933390e+02
3.272394171045928033e+02
8.398972045538502584e+01
1.078678012979470253e+02
1.805216937592458066e+02
8.867286041265961671e+01
3.125367498466228611e+01
3.251763918749362574e+02
2.789204570293046359e+01
1.016285911372639816e+02
3.141203467000318597e+02
5.398636125705908739e+01
4.712046134039063361e+01
2.968750427884480132e+02
3.325925932004216179e+01
1.166709383649208291e+02
3.008024675754175519e+02
1.320046325865658616e+02
9.326150557130418406e+01
5.287538675259801124e+01
1.125641258130427644e+02
2.022356081392945271e+02
7.373478784240707284e+01
1.041171188877351454e+02
3.021285823388792480e+01
7.134829783972252315e+00
3.341438777290888993e+02
3.411707803221351583e+02
1.723084645437422182e+02
9.459429551229024469e+01
5.120122763430892832e+01
4.998055077905762289e+01
1.302417792699031622e+02
2.102701872684244577e+01
6.968408389885765164e-01
2.976533598061196173e+01
1.098182527898210452e+02
2.607773863382540185e+02
2.447208611452837701e+01
2.751404010493515671e+02
3.053114815435750984e+02
4.583366833098526172e+01
2.949438414348071547e+02
3.356030964315315828e+02
5.957967390924761908e+00
1.063965890560671852e+02
6.830422264630787765e+01
3.235670482908850545e+02
8.055498542387346106e+01
3.342856079156804867e+02
1.946960087015536800e+01
3.038096463251766011e+01
1.307426586997451068e+02
2.856455770396405001e+02
3.232537539527682497e+02
1.489554402985620527e+02
6.878007309079390552e+01
9.406361125708959037e+01
7.068269297820161512e+01
1.002161664492971340e+02
4.202278276325738915e+01
3.306775533895443573e+02
3.309938425249446823e+02
3.440393142366706343e+02
3.472459349015273347e+02
1.813383134457694723e+02
3.573471631389064669e+02
2.163706287034632680e+02
2.095130957238618805e+02
5.662357046830940988e+01
3.255289295246313372e+02
1.346857495801751270e+02
1.754466189186821055e+02
1.183795577997791355e+02
9.915504789527186347e+01
6.756459976144394375e+01
3.386561981139883528e+02
2.780577065670664982e+00
8.470996407467798406e+01
1.682644600272713831e+02
2.273401442467789479e+01
2.649234196433117177e+02
3.432890504077676042e+02
2.991242594544737585e+02
3.004400740927029574e+02
1.331927206811957944e+02
7.944282899971788936e+01
3.598291894175807784e+02
1.329124142457809512e+02
3.225156702292275668e+02
3.912079545230881905e+01
1.778132538468657131e+01
3.726842670416952075e+01
1.522033352802987416e+01
3.563150909390725474e+02
3.576985718008453432e+02
4.128930658161101519e+01
7.311156414949340387e+01
4.628989422502331053e+01
3.117062518686287262e+02
3.260492935602950411e+02
1.735637195122224625e+02
4.393781684737923854e+00
1.796616140657843914e+02
3.106199056484159087e+02
8.864723068935909112e+00
3.427833964400999776e+02
4.473284330019789223e+01
3.193628161793399727e+02
9.834369075498045731e+01
3.565524513168595604e+02
9.489992559714939091e+01
7.962378873649880973e+01
7.537928269584949703e+01
8.011956544440820949e+01
7.985799027162971520e+00
8.530209455817224296e+01
3.299190067513012536e+01
4.490315260569831679e+01
2.390351048444722153e+02
3.829958563748592582e+01
1.507661265911440340e+00
1.562643047097208360e+01
1.891877606479163205e+02
3.295874441999482087e+02
6.584826261041961004e+01
1.033933550198674567e+02
3.462120284383297530e+02
2.608438549056469924e+01
4.142487034896694098e+01
3.227682917489549936e+02
3.017515765547105957e+02
1.173942014218341967e+01
4.839886801117669535e+01
2.664089599100397550e+02
2.149179968160923409e+02
1.656045235444585160e+02
1.656788623046750786e+02
5.491135809424336855e+01
3.086131065489423122e+02
1.430256503585015082e+02
3.993341136691055482e+01
1.645992875654225998e+02
7.049165742454954398e+01
1.019737730335539823e+02
8.454322814322478052e+01
5.007398667514242874e+01
8.542645958841615084e+01
9.683027364516830460e+01
1.091875877310708347e+02
8.686608562789844257e+01
1.040600939059760890e+02
3.244497235997230291e+02
7.735107132341101988e+01
1.277837408848169929e+02
1.523089458276303674e+02
7.643192843742357923e+01
5.202176896758462021e+01
5.838327154570106359e+01
2.922131062634985028e+02
2.002148023248758335e+01
3.529795627144326318e+02
8.644885832275060977e+01
9.941883087667663688e+01
8.451543506141206308e+01
9.456537098100859851e+01
6.966827191744845038e+01
3.562289771437455101e+02
1.537661506933020519e+02
1.514982176948888934e+02
3.136213524245335549e+01
4.142833651855428201e+01
1.471862411806277926e+01
3.536337126247414062e+02
1.183460237902217926e+01
1.146243615954313952e+02
1.510332302945384697e+02
8.744974673717418057e+01
5.321321463535053198e+01
2.744819183034715593e+02
3.219361110844161544e+02
2.248762520115266170e+02
4.032658561765475547e+00
5.566533116627343070e+00
3.682281855900362899e+01
5.923572733662238221e+01
1.630692841794673598e+01
3.085649255104113990e+02
4.925248757084170848e+01
3.207976124061801784e+02
1.722773747926201509e+02
3.212406057779796811e+02
1.256009969062841520e+02
1.356259447844722672e+02
3.009070604716183084e+01
3.734937164454879621e+01
1.183173659531008042e+02
1.354786658808739048e+02
5.517032445190922729e+00
1.388780519663080497e+02
3.354604373637795902e+02
1.469346034885819847e+02
2.415861894069671223e+02
3.192210543052038361e+02
9.680718075914091969e+01
1.261033101499380678e+02
1.021638138869975592e+02
5.005300204053747137e+01
1.027086826655190066e+02
9.475605304844208376e+01
3.578276413013262527e+02
1.347813780992762815e+02
1.696438005864427794e+02
1.117560951578444843e+02
3.478203570969350267e+02
2.703460014618787000e+02
1.524809223200483927e+02
1.873805928017422673e+02
6.256706604335516175e+01
1.220386092748002369e+02
6.958314543605143854e+01
4.544705472530257140e+01
1.967191723030579098e+01
9.945720209109069287e+01
4.389854401103062997e+01
1.641362355962935737e+01
4.348038286424983312e+01
2.066864149868003437e+02
3.325317335599344233e+02
1.533199573100768376e+01
3.596847184218381130e+02
6.117188833062598263e+01
1.223672667053234164e+02
2.727232476054531389e+02
1.514003736392721180e+02
6.454142811496535614e+01
2.142325280647039278e+02
5.599834856307101205e+01
4.734268550012829735e+01
1.370636030830202685e+02
9.732737548342204548e+01
1.653403587561382153e+02
3.369465319720043794e+01
2.769428299926994441e+01
2.005040767545559888e+01
1.789381806641200967e+02
1.815945417715068189e+01
2.141028715483902545e+01
1.585451218491734267e+02
2.632645331224226481e+01
1.488672794538735999e+01
5.239424520528044305e+00
9.145768056797979284e+01
1.284911157369874424e+01
3.296731594957216771e+02
3.552090687454366389e+02
3.453629714794723782e+02
1.338484837359223434e+02
3.423840902471240497e+02
3.110935348441004056e+00
8.630645019278475161e+01
2.399243538896852357e+01
1.031911817158501492e+02
3.091707257389449026e+01
7.280342330901279801e+00
3.845733096000577689e+01
3.329418511083774206e+02
5.289230221383613895e+01
3.540411668592032015e+02
5.114572436339991413e+01
2.673597272043624571e+02
1.426057068014538913e+02
1.389171455553869272e+01
3.566259778926540776e+02
4.093820288602598367e+01
5.672564374161699163e+01
1.088603262907042968e+01
9.547359626487821060e+01
4.324726470205964546e+01
2.675898948840667799e+02
8.199009983054872919e+01
8.564343218626697762e+01
3.572862027520419304e+01
1.784271428178630856e+02
3.481561840283432474e+01
1.054795627100551343e+02
4.089336792254767872e+00
3.045710112430276695e+02
1.696397319090548592e+02
3.875880324058840642e+01
4.831269478663423911e+01
5.482405856279138590e+01
3.299770363510592119e+02
3.214746066194802552e+02
3.532952025603177617e+02
8.342434503973608173e+01
3.013228649993260433e+01
3.461576196551937983e+02
6.206019410495414235e+01
2.670972860927801662e+02
1.661179510632625522e+01
5.750234489102408730e+01
1.026932030889272696e+01
7.512235469997786197e+01
2.091841507450210713e+02
1.171673588715490126e+02
1.013885776880891427e+02
2.698251573147059048e+02
7.673208253507310417e+01
5.803716415225756009e+01
4.176541754324924227e+01
4.832077115167982839e+01
2.381195668306211530e+02
5.841189359810743803e-03
1.188810069248732333e+02
9.748328106589683273e+01
8.092684838703193861e+01
7.912411055146542083e+01
1.355301441298969394e+02
2.080606850520070594e+01
4.318069758967773453e+01
1.991357482237347298e+01
3.583633502096261054e+02
3.302784804423983189e+01
1.479525864790618073e+02
1.427229362922900009e+02
9.887699594122048552e+01
3.557416606802723322e+02
1.158788851350715561e+02
9.289549231863490775e+01
3.355294186151464260e+02
6.156444357192390271e+01
3.245407914232996518e+02
2.724408410173448942e+02
2.020047908671244556e+02
1.338963851776028413e+01
1.215524981873293484e+02
3.266533666451801423e+02
8.331574164100343793e+00
3.428830326363278118e+02
4.218499267961814070e+01
3.445935314962103462e+02
1.566543849938370840e+02
2.333787770509864501e+01
2.484790018404612226e+02
3.689341831744986422e+01
4.295752004907075872e+01
1.459557210919165371e+01
3.843502423864691053e+01
7.393045420618146579e+01
2.656349086965099104e+02
1.777666308034320366e+02
2.555482872883834773e+02
1.261225238580237829e+01
2.315204807561387952e+02
1.023630678672010248e+02
7.224042064932537244e+01
1.015666964895867608e+02
2.891087452692841566e+02
1.795011464007893665e+02
4.018261283187473509e+01
4.077954391668772161e-01
8.660579546394247075e+01
3.061717723795303314e+01
1.464462618801845224e+02
3.460759225885310570e+02
3.101201614529315407e+02
9.730843226661008316e+01
1.267405398531985838e+01
2.673158479400659644e+02
3.093334912850904743e+02
2.084066966607217637e+02
1.369282246621486081e+02
2.483067591245478312e+01
7.585595711795896534e+01
2.977697367085816182e+01
1.095652176811598650e+02
1.082761648029497934e+02
3.056526675192897073e+02
1.055174022770650026e+02
9.761404785719111032e+01
2.729156052102034096e+02
3.034458172015255784e+01
3.117750760763411222e+02
3.366546919092266990e+02
2.913401858819113386e+02
1.108192078235562121e+02
2.333701781537488671e+02
7.723808355020405969e+00
1.048884349383602768e+02
3.410883835968856914e+01
3.822663540078080047e+01
1.221180313220958027e+02
1.251208203470100528e+02
5.989872513372046114e+01
9.557260136552979191e+01
1.312560127563803007e+02
6.524312113930311341e+01
3.325758879453965733e+02
4.634972232946295634e+01
7.912130468188509269e+01
7.683328848203878181e+01
3.420757285554980740e+02
1.414405581461171835e+02
3.279025644216395676e+02
1.742238207359166324e+01
2.316359451815573038e+02
2.323090893214044002e+02
4.382185834215704290e+01
9.022910292087082951e+01
1.124615072460833431e+02
4.232188289254226987e+01
3.580963045200002171e+02
1.609225891226013232e+02
3.144707695658743773e+02
7.854161544442526122e+01
3.819529014021379965e+01
3.413728385088493269e+02
4.441661779424289591e+01
1.569454189548317515e+02
3.546644502165357835e+02
6.368075300360858648e+01
8.005242252811223480e+00
1.532837002113396636e+02
1.511831860611364675e+02
3.436130403684446719e+02
3.138131722678371034e+02
3.467929741685311456e+02
2.170739768917870549e+01
9.614814935432113430e+01
8.287803918145155535e+01
1.549241327602298099e+02
8.163691987571013442e+01
8.474307063858962152e+00
1.216874504492829203e+02
4.294451839459274822e+01
7.396354508639809922e+00
3.814505755039177615e+01
4.491929280873831942e+01
3.337637366292276511e+02
6.881108441888409288e+01
1.349813769323952215e+02
3.315219427516675523e+02
3.381886480247504210e+02
1.484501213688543864e+01
4.388743807547078291e+01
3.485437367663185455e+02
6.677187327754661794e+01
7.873426506463033547e+01
5.397470549512036797e+01
3.554946547283441305e+01
1.751584192152467381e+02
3.119542587948020582e+02
2.740373054278216500e+02
1.650915475802648658e+01
3.161769733993840532e+02
9.437536212000101443e+01
4.978498437902316276e+00
3.414801071779289714e+02
3.501956662479033753e+02
5.721499739981867094e+01
3.068823608307834547e+02
7.922405842591186342e+01
3.411979930465852107e+01
1.976440919382158938e+02
3.100535599662298409e+02
9.070262411009741754e+01
1.323709906329827390e+02
7.141184876406445881e+01
1.856230159552846315e+00
5.199249514736816025e+01
9.003432056970638087e+01
9.046682920613035606e+01
1.318507757271565595e+01
2.188291402383122204e+02
3.518466339003721828e+02
6.835872839989646366e+01
7.502114163022342552e+01
3.572350199708841245e+01
6.086369195784031660e+01
1.888322543629300867e+02
3.813207631077793991e+01
3.505698516555907531e+02
3.504958206706231749e+02
6.232393439444838812e+00
7.966176419871341352e+01
2.365630468974699241e+01
2.023424230662592294e+01
1.117857807834421919e+02
8.280249428372870568e+01
3.575520309472838107e+02
3.412555943539827581e+02
6.857176087988452196e+01
2.034928200371660409e+02
3.180037637719736665e+01
1.489560246364069656e+02
9.403334414093306748e+01
3.401258145506546526e+01
3.292304488002222342e+02
3.077274918622541833e+01
1.186159148632206382e+02
3.415277426283753925e+02
5.463000013475838301e+01
3.547309514180269616e+02
2.880852630068156373e+02
5.511957110682509864e+01
3.317326505344671546e+02
6.463837124863551331e+00
3.146903997330101674e+02
1.110062601481347500e+01
7.748438317208182013e+01
3.556699394639144174e+01
5.851810513853970974e+01
1.387176401510882044e+02
3.543914544273470710e+02
5.620669323572413134e+01
1.047832334981444546e+02
1.102855652348338964e+02
3.452956382495120238e+02
1.496523376452432075e+01
6.388651668962167740e+00
5.522938346887762862e+01
3.371527036630926091e+02
4.012828382349547951e+01
3.087991260532726301e+02
2.120661712037757809e+02
3.322470288560828635e+02
3.225644132396579380e+02
1.611274654615768895e+02
1.652676028652159914e+02
6.059592510873471127e+01
1.929361217407168283e+02
1.726322911335235801e+02
3.569806184873508528e+02
1.097139561513805184e+01
1.276294338784766609e+02
1.392208188821861086e+02
7.382278496625679054e+01
2.969161008984985415e+02
3.236298558173133415e+02
3.808054732014524291e+01
3.570757003834883676e+02
4.524656702637883399e+01
3.057026783294664938e+02
8.799636513734853338e+01
3.331319716272751634e+02
3.705948821475908517e+01
7.423680455191696126e+01
6.851021700155723693e+01
3.177110743020195400e+02
1.174767615089540556e+02
1.144589054303776265e+02
3.413761495720059429e+02
8.026526095484376810e+01
2.142249634946775529e+02
3.537308516021346918e+02
3.105068716995894107e+01
8.826318152714720533e-01
7.528287694994087076e+01
4.204087806572681529e+01
4.674753626336167400e+01
6.103455122543631717e+01
2.115087407475376438e+02
1.056693870267974518e+02
1.560031016532302601e+02
7.920547724547817836e+01
3.425670119393537760e+01
6.276194014145804800e+01
2.847621485662313603e+02
8.609275709452167291e+01
1.203818788092379322e+02
7.175980221618173971e+01
7.820001227537382249e+01
2.132306135828884806e+02
3.348373371446355691e+02
4.873385650836180361e+01
3.567064436295806331e+02
1.449837640064478990e+02
1.322312801629756152e+01
1.223689011593574065e+02
3.341197209749946637e+02
2.131065340453196200e+01
2.143321478682483132e+02
5.083054355040962236e+01
2.402587263711741059e+02
3.398313779079292090e+02
1.442151545580548486e+02
7.912824220550828613e+01
1.016417783189814372e+02
2.118976113487316582e+02
1.177463190883452029e+02
2.722441209564604847e+01
7.280994445180412811e+01
9.710698994468997114e+01
8.894402544285226142e+00
2.967760981219500422e+02
2.882237849713736466e+01
1.405785013951642384e+02
1.051494133092899261e+02
3.388230579778319225e+02
2.045021488583810054e+01
3.413261916940946321e+02
1.679397548581757462e+02
9.703138968002716069e+01
2.822418245995535813e+02
1.249784717702784462e+02
9.292664676684169933e+01
1.001272886223095213e+02
1.058179831674018301e+00
7.426440409756820316e+01
4.391334966740075174e+01
2.284195317046646210e+02
4.563383900725187203e+01
1.485412927485224621e+01
2.503128584443680325e+02
8.410549529331048291e+01
4.455390874371046550e+01
3.312609495317116881e+01
1.775099857187069574e+01
2.532786466735913677e+02
1.575429791270248643e+02
1.710603071308069545e+01
4.214301681168350200e+01
1.988326693281587509e+01
7.820062748862274260e-01
3.370069159378654717e+02
2.802174763434427405e+02
5.305431831231488360e+01
1.447560550754141104e+02
6.625832888358918638e+01
6.095536570686254407e+01
3.377386018014897786e+02
3.526451428855938275e+02
2.713026010095320544e+02
4.697811766673587641e+01
1.378158007371804388e+02
2.326491263359154118e+02
3.097982806114388765e+01
4.509390477262536479e+01
1.512249917438987445e+01
1.365270471277526951e+02
9.586479464769432468e+01
5.401898519089443340e+01
7.000431256416767667e+01
1.148033020404645477e+01
3.357800797234681767e+01
2.957226661256319744e+02
7.115261644415419973e+00
1.127759868191046451e+02
1.208784666388986828e+01
2.205160438452692802e+02
3.736125622259037726e+01
1.173536791003957447e+01
2.983632125433873625e+02
1.118563526899971663e+02
3.583402735094600189e+02
1.994894762870083014e+02
2.525515839139432046e+02
2.268432402344499792e+02
6.481417450454157070e+00
1.978470441730889107e+01
2.157446864734019982e+02
1.777925586128439193e+02
8.747687468206844130e+01
1.149137378353293997e+02
3.587026039441875014e+02
4.672193550028062958e+01
1.067505138039481949e+02
1.260444863238135156e+02
6.588823616885221279e-02
3.389453492459162476e+02
3.492657740925462235e+02
6.273030149499147257e+01
8.170044643297333664e+01
8.318164262360841121e+01
9.216977718488735150e+01
1.988248095746796906e+01
2.908852909001323610e+02
5.866084263485875283e+01
2.289574007079161433e+01
3.367649294442942391e+02
9.267250469628521614e+01
7.738821568678415019e+01
3.868448724032845831e+01
1.801048746974722121e+02
5.016585089239261919e+01
8.418152846401737222e+00
6.185860777978960101e+01
2.177199308027367763e+01
3.130931508171444762e+02
1.456037955790787208e+01
1.625028552746348396e+02
4.109697239217219078e+01
1.030808723437957610e+02
3.814555266495295882e+01
3.198448899110535990e+02
9.798973314144898694e+00
3.530870750339339565e+02
2.592217548191359100e+01
5.402812001482173798e+01
3.168057138607418892e+02
5.110034119434332212e+01
3.377268765291784689e+02
1.774409983171953229e+02
5.513772746515960677e+01
1.845501105667968744e+01
3.278347857725551080e+02
1.612126393956946799e+02
6.084329087737159369e+01
4.965423284335878407e+01
1.600938153347343729e+01
1.969013520785822635e+01
1.786339190806964083e+01
3.452014931584217265e+02
3.387319517333698400e+02
1.631635540551330976e+01
7.978867643665147114e+01
1.400479122400065535e+02
6.401799319605596850e+01
3.367075426058685821e+02
2.370131091234861742e+02
3.754467224053802710e+01
3.577671250374809233e+02
1.035091308931840217e+02
1.509820019819881907e+02
2.685816995600644077e+02
1.585291389471776426e+02
2.682569124451465541e+02
3.369808948185204827e+02
3.426245900857967399e+02
7.211453010594284763e+01
2.898636023277358920e+00
3.070153935726718331e+01
7.897825111582420732e+01
3.297961004339057354e+02
2.729028982163338313e+01
3.554298380316175212e+02
3.512296687586769508e+02
3.452480937295112540e+02
1.253151773203091182e+02
3.422232489215638793e+02
5.350766063221258406e+01
3.665932580920324568e+01
3.320322649223473945e+02
3.383383443633924799e+02
4.709178089561883951e+01
6.451322795015842360e+01
2.748781107963374666e+02
5.071188295213060826e+01
2.058692375358178026e+02
1.376922698703987180e+02
1.015033465227522385e+02
3.573822385765299146e+02
3.285653546179288469e+02
3.108519611645377836e+02
8.105347267221907259e+01
3.833729284820476124e+01
3.480268442257653305e+02
3.504212270810579071e+02
6.594969350240062589e+00
4.730879799766729832e+01
3.690594513298580637e+01
3.548342182392929089e+02
1.547529342352308106e+02
7.153174192904502959e+00
2.489472064030087779e+02
1.021150278863659935e+02
6.812979990685632004e+01
6.772299475705139571e+01
1.096583845720846284e+01
1.129870796274778542e+02
4.068603648870506184e+00
8.984520574821283390e+01
8.034144217738302984e+01
1.433343150015371350e+02
1.495899888835904505e+02
1.891024758779896047e+02
6.145655607639439211e+01
5.983644396920218611e+01
2.733936130129874300e+02
3.221297991130003879e+01
4.060877158912151685e+01
2.229362435363652750e+01
9.932591226119411942e+01
1.429821716800160516e+02
1.369332129389317743e+02
8.754892591191774898e+01
3.129751432621815184e+02
3.723843859234406750e+01
4.257138457674120247e+01
8.883849191021614899e+01
1.132389966960587770e+02
6.059066406217900180e+01
2.803388662576566617e+02
7.974787052916938990e+01
1.431931678097747067e+02
1.094443537329832594e+02
9.327538120665252563e+01
4.197571972161437515e+01
4.556725200125165287e+01
1.144854917274038115e+02
1.286540788210798212e+02
5.119511259808440684e+01
3.256617821566579352e+01
3.127686621087526646e+02
4.805482633869956999e+01
9.939630804247779849e+01
3.489751007042615925e+02
7.816910270678360462e+01
7.720343215026382211e+01
1.955310051473681909e+01
1.170693497218520633e+02
2.519208906465182167e+02
3.063390385636461843e+01
2.158938010901394122e+01
1.573949726709742265e+02
2.707337088051355067e+02
3.892519122114062036e+00
1.035727701690197904e+02
2.270406020677293313e+01
3.441395618584731153e+01
4.961564006144127603e+01
2.277895583699649649e+02
2.190815922711041708e+02
1.599934697885258039e+01
2.129062372977613791e+02
5.128701278891308135e+01
2.847047928857093169e+01
7.370822542131028854e+01
2.922717580675160889e+02
3.069675028263524155e+02
3.295324371421924639e+02
4.429865345539951704e+01
2.679655025018544467e+00
4.307933797737450021e+01
1.248204347288121170e+02
1.098088067584122740e+01
3.011482921733369835e+02
3.066552851331701390e+02
2.469621212470756433e+01
6.625946399886413474e+01
2.884658222292796381e+01
8.576014189830181067e+01
7.545136877246341101e+01
1.395395453137487323e+02
3.408002106104452764e+02
3.351976620511290434e+02
3.135063347976773329e+01
4.740932249550998279e+01
7.825746905136276155e+01
1.734952063751213416e+02
5.147687491287787509e+01
9.864066989555600173e+01
1.007735132273742522e+02
4.817367351153835386e+01
3.726031506016092720e+01
3.577090048743086186e+02
1.159723277264951093e+02
6.977614991380582410e+01
2.227731774643070395e+01
5.890122340088421282e+01
3.016857731415220201e+02
1.214924096406587317e+01
7.549866844882534167e+01
2.273663969478169236e+02
3.441676424601618010e+02
2.925699546546905339e+01
3.410128816003635279e+02
2.770595962161631576e+01
5.001085203819067715e+01
6.479753304294688121e+01
6.268608284994593305e+01
2.145302608890634986e+02
4.268215060223183599e+01
6.825474363572237735e+01
1.325036981284283399e+02
1.112058187141762602e+02
