-1.196298212346353029e+00
-1.344085016141951527e+00
1.613397534951445333e+00
-1.687749683867573403e+00
-8.499149758236277385e-01
-2.013811850598220821e-01
8.467359218996035886e-02
6.064943563334150856e-01
-7.068272488503882789e-01
-8.272879477298876738e-01
1.141347759218707347e+00
-2.792140230122450162e-01
4.702928472523786319e-01
-8.160540006924289491e-01
-7.749871415679174813e-01
-5.079433867079852227e-01
-7.009833984582648503e-01
6.585465026134808275e-02
-1.752096355952186935e+00
6.100979601968030408e-02
1.971041659203716279e+01
2.144889568418594550e+01
1.924433029678982265e+01
