8.764052345967664692e+00 7.400157208367223127e+00
7.978737984105738867e+00 9.240893199201458685e+00
8.867557990149967040e+00 6.022722120123589207e+00
7.950088417525589257e+00 6.848642791702301835e+00
6.896781148206442502e+00 7.410598501938371996e+00
7.144043571160877626e+00 8.454273506962975304e+00
7.761037725146993083e+00 7.121675016492828192e+00
7.443863232745425940e+00 7.333674327374266610e+00
8.494079073157605464e+00 6.794841736234198848e+00
7.313067701650901142e+00 6.145904260698275223e+00
4.447010184165921309e+00 7.653618595440360828e+00
7.864436198859506177e+00 6.257834979593558167e+00
9.269754623987607189e+00 5.545634325401235465e+00
7.045758517301446311e+00 6.812816149974166180e+00
8.532779214358457764e+00 8.469358769900285466e+00
7.154947425696915886e+00 7.378162519602173397e+00
6.112214252369887468e+00 5.019203531776073035e+00
6.652087850673847669e+00 7.156348969103979663e+00
8.230290680727721409e+00 8.202379848784410399e+00
6.612673182592047283e+00 6.697697249424664712e+00
5.951447034932907165e+00 5.579982062821025046e+00
5.293729809374987383e+00 8.950775395231790554e+00
6.490347818248346279e+00 6.561925698388813899e+00
5.747204639950073357e+00 7.777490355831909952e+00
5.386102152442048485e+00 6.787259719786031376e+00
6.104533438806324597e+00 7.386902497859262340e+00
6.489194862431126865e+00 5.819367815877587446e+00
6.971817771661345198e+00 7.428331870530417547e+00
7.066517222383168040e+00 7.302471897739781781e+00
6.365677906319036516e+00 6.637258834012861541e+00
6.327539552224049402e+00 6.640446838459459045e+00
6.186853717955545839e+00 5.273717397668322704e+00
7.177426142253752417e+00 6.598219063791738392e+00
5.369801653033955624e+00 7.462782255525774566e+00
6.092701635616757372e+00 7.051945395796138882e+00
7.729090562177536761e+00 7.128982910757410529e+00
8.139400684543300457e+00 5.765174179646347596e+00
7.402341641177549114e+00 6.315189909059686357e+00
6.129202850818118442e+00 6.421150335235584095e+00
6.688447467872627783e+00 7.056165342229745008e+00
5.834850159216643739e+00 7.900826486954187544e+00
7.465662439730460065e+00 5.463756313722775815e+00
8.488252193795599254e+00 8.895889176030582490e+00
8.178779571159651596e+00 6.820075164187649364e+00
5.929247378489457709e+00 8.054451726931135980e+00
6.596823053026820816e+00 8.222445070382427446e+00
7.208274978076860684e+00 7.976639036483712530e+00
7.356366397174402216e+00 7.706573168191948042e+00
7.010500020720820125e+00 8.785870493905834522e+00
7.126912092703619805e+00 7.401989363444701375e+00
8.883150697056255041e+00 5.652240938857553409e+00
5.729515001514266181e+00 7.969396708158011045e+00
5.826876594885840532e+00 8.943621185649291760e+00
6.586381019240252321e+00 6.252545188559242462e+00
8.922942026480384925e+00 8.480514791434424993e+00
8.867558960426569215e+00 7.906044658275384940e+00
6.138774314945297128e+00 8.910064953099034568e+00
6.731996629048619951e+00 7.802456395796395050e+00
7.947251967773747872e+00 6.844989906909165533e+00
7.614079370346080289e+00 7.922206671566526914e+00
7.376425531155629045e+00 5.900599209415805291e+00
7.298238174206056250e+00 8.326385896687030552e+00
6.305432140268634633e+00 6.850365459672329571e+00
6.564846448278362168e+00 8.849263728479341395e+00
7.672294757012435795e+00 7.407461836241110653e+00
6.230083925554684043e+00 7.539249191291816921e+00
6.325667339342624373e+00 7.031830558274351439e+00
6.364153921621118926e+00 7.676433294946499508e+00
7.576590816614940493e+00 6.791701244422005068e+00
7.396006712661645111e+00 5.906938491269494662e+00
5.508742407294394461e+00 7.439391701264536749e+00
7.166673495372529068e+00 7.635031436892106171e+00
9.383144774863941606e+00 7.944479486990413619e+00
6.087177774555841303e+00 8.117016288095852516e+00
5.684092589488479064e+00 6.538415395185291246e+00
6.931758394675369139e+00 8.713342721649366851e+00
6.255245177951559654e+00 6.173561461340985268e+00
6.901547475574568047e+00 6.336521713637893072e+00
8.126635922106506982e+00 5.920068491636576447e+00
5.852531347588897148e+00 6.562179955255565744e+00
6.501967549307694938e+00 8.929532053816986448e+00
7.949420806925760807e+00 7.087551241385191325e+00
5.774564481169831787e+00 7.844362976401547449e+00
5.999784652610435032e+00 5.455228903222388404e+00
8.188029792352301328e+00 7.316942611924849516e+00
7.920858823780818625e+00 7.318727652943021411e+00
7.856830611902690720e+00 6.348974406699853468e+00
5.965757158215534872e+00 7.681594518281626982e+00
6.196590335826158480e+00 6.310450222249799346e+00
6.544467496482656799e+00 7.017479159025056923e+00
6.646006088746515772e+00 5.625048706581980973e+00
6.356381597167109376e+00 4.776596847775573806e+00
7.625231451027187468e+00 5.397942344393252156e+00
5.895616660571549872e+00 7.052165079260974245e+00
6.260437003608686268e+00 8.543014595406734912e+00
5.707143090276550979e+00 7.267050869349183095e+00
6.960717181772504425e+00 5.831906502258802583e+00
7.523276660531753812e+00 6.828453668777751950e+00
7.771790551213667797e+00 7.823504153963731333e+00
9.163235949280689852e+00 8.336527949436391083e+00
6.630818162057556364e+00 6.760620822424074028e+00
8.099659595887112928e+00 7.655263730722597693e+00
7.640131526097592385e+00 5.383043955689165827e+00
6.975673875601064111e+00 6.261969090794311299e+00
7.279924599043238409e+00 6.901849610357041698e+00
7.910178908092591499e+00 7.317218215191301667e+00
7.786327962108976486e+00 6.533580903264057049e+00
6.055553744081749734e+00 6.589950306797451418e+00
6.982979586138559291e+00 7.379151735555081970e+00
9.259308950690851248e+00 6.957742848339357522e+00
6.044054999507222803e+00 6.654018224300613404e+00
6.536404025353905745e+00 7.481481473773461843e+00
5.459202985555375420e+00 7.063261994200331628e+00
7.156506537965375614e+00 7.232181036200275415e+00
6.402683931034637510e+00 6.762078270263993218e+00
5.575939091017468208e+00 6.506680116637806321e+00
6.457138523983282141e+00 7.416050046261425166e+00
5.843817568178087285e+00 7.781198101709993153e+00
8.494484544491369249e+00 4.930014974986467458e+00
7.426258730778100947e+00 7.676908035030245436e+00
6.362562974447770969e+00 6.602728185671201899e+00
6.867119422413044738e+00 6.702209120598271674e+00
6.690987030952877390e+00 5.323996193670023303e+00
8.152331564783120044e+00 8.079618592036821312e+00
6.186635740795797034e+00 5.533575672197486028e+00
7.521064876452758341e+00 6.424212030186933653e+00
7.141953163320780007e+00 6.680671582854905033e+00
7.691538751070186919e+00 7.694749143656006041e+00
6.274402621536415481e+00 5.616636044604944367e+00
5.417061602664918318e+00 7.610379379107205189e+00
5.811140742215971322e+00 6.493183645701312123e+00
6.403685961549491878e+00 6.947432703730453518e+00
5.063720194153493281e+00 7.188778596793828690e+00
7.523891023834205605e+00 7.088422087044661701e+00
6.689113828301528564e+00 7.097400166268783117e+00
7.399046345640130085e+00 4.227407243573349405e+00
8.955912308250693954e+00 7.390093322687926403e+00
6.347591417612980180e+00 6.609046624812398463e+00
7.493741777349188560e+00 6.883896060965633446e+00
4.969315532218505638e+00 9.064492861359319420e+00
6.889459342767527694e+00 8.020172711715799707e+00
6.307950152215608952e+00 8.536377054245797069e+00
7.286343688892279680e+00 7.608843834475450763e+00
5.954746633853044813e+00 8.211145289682701076e+00
7.689818164534788281e+00 8.301846229564997515e+00
6.371912440358420859e+00 6.518972881539212061e+00
9.303916697683941806e+00 5.939984177278452293e+00
6.864050299321679205e+00 8.136891362602694855e+00
7.097724967714855282e+00 7.582953679753293486e+00
6.600550970737124601e+00 7.370055887847518861e+00
5.693473148264683203e+00 8.658130679618187386e+00
6.881835954871430516e+00 6.319821796003149750e+00
7.666383082031914320e+00 6.539280212611446430e+00
5.665741528597246557e+00 5.653282494202445108e+00
7.693773152690132733e+00 6.840426561853733212e+00
6.866298440331561004e+00 8.077743805976263403e+00
5.873174191243256459e+00 6.269322247135175274e+00
6.615120190818724488e+00 7.094351589317073881e+00
6.957828548709421135e+00 6.713112807610092325e+00
6.938373597904352152e+00 6.892694723708824966e+00
6.280395611448207127e+00 6.187007011445922799e+00
7.274516357723939564e+00 6.109084917004471649e+00
5.842644740809146420e+00 6.687707748874307079e+00
6.842332983836183935e+00 9.256723497298208869e+00
6.295299724143766262e+00 7.943260724969494646e+00
7.747188334204631488e+00 5.811055044796264113e+00
7.773252977402600017e+00 5.816119359806682709e+00
4.340827762003259593e+00 7.606319524359380857e+00
5.244109416562280579e+00 7.450934461805914566e+00
6.315989102262783206e+00 8.659550796189872557e+00
8.068509399316008412e+00 6.546614196148611953e+00
6.312162388971318094e+00 5.785922596905879622e+00
6.559077367707408790e+00 6.719644504815491359e+00
6.635306455608314558e+00 7.156703855272364301e+00
7.578521497728878842e+00 7.349654456993174101e+00
6.235856076093557299e+00 5.562208526198421765e+00
8.364531848102471301e+00 6.310550815450062245e+00
6.347706400064980770e+00 6.478810687698889126e+00
5.156930449843351028e+00 6.522025995959513267e+00
6.520344185992052566e+00 7.620358298343512971e+00
7.698457149107335695e+00 7.003770889086269769e+00
7.931848374114303546e+00 7.339964983801261944e+00
6.984317888397445273e+00 7.160928168298222651e+00
6.809346506418600953e+00 6.605150485966549745e+00
6.732266463106033605e+00 5.871988668529993127e+00
7.280441705316295753e+00 6.006876389070419542e+00
7.841631264073636309e+00 6.750541419839050761e+00
7.049494981650091141e+00 7.493836776280955903e+00
7.643314465062927887e+00 5.429376591366547267e+00
6.793096323836028461e+00 7.880178912080782361e+00
5.301894180567745529e+00 7.387280475395063384e+00
4.744435770597810631e+00 5.977493156364396043e+00
7.038630551840188154e+00 5.343284897678046264e+00
6.014489262315849238e+00 5.528164992536413358e+00
8.648134932207559800e+00 7.164227755487334370e+00
7.567290277852669611e+00 6.777324899484845844e+00
6.646568251242801040e+00 5.383525811348967238e+00
6.708162637252137017e+00 6.238507788188377035e+00
7.857923924292336437e+00 8.141101866657573183e+00
8.466578715574177849e+00 7.852551939461232422e+00
-5.986539369229860741e-01 -1.115896985960394439e+00
7.666631816450860670e-01 3.562928174722889141e-01
-1.768538450677030749e+00 3.554817927437690650e-01
8.145198224878662518e-01 5.892558918162995457e-02
-1.850536710093415305e-01 -8.076484876163556592e-01
-1.446534699563387871e+00 8.002979493400275146e-01
-3.091144447717087962e-01 -2.334666615436927217e-01
1.732721186919133238e+00 6.845011068591904113e-01
3.708250012811020735e-01 1.420618051872356569e-01
1.519994860765772726e+00 1.719589307416194535e+00
9.295051114795280789e-01 5.822245913979242626e-01
-2.094603071206144751e+00 1.237219142335065775e-01
-1.301069541937039942e-01 9.395322938556871506e-02
9.430460873225178231e-01 -2.739677167189556339e+00
-5.693120534701850977e-01 2.699043549407613707e-01
-4.668455460527625167e-01 -1.416906113126259470e+00
8.689634868967953674e-01 2.768719058461280302e-01
-9.711045704444846161e-01 3.148172045158237897e-01
8.215857120497958022e-01 5.292646299360853623e-03
8.005648034309967853e-01 7.826017516166135224e-02
-3.952289826543543549e-01 -1.159420516399912948e+00
-8.593076697161272648e-02 1.942929380457716626e-01
8.758327615873309213e-01 -1.151074684872267218e-01
4.574156062209908113e-01 -9.646120137337284017e-01
-7.826291558275251248e-01 -1.103892990268877522e-01
-1.054628463985013864e+00 8.202478373246812060e-01
4.631303293186070924e-01 2.790957643924534270e-01
3.389041252159445405e-01 2.021043561484797468e+00
-4.688641879667956314e-01 -2.201441285500557843e+00
1.993001968964651927e-01 -5.060354096166589516e-02
-5.175190425104032599e-01 -9.788298593587698715e-01
-4.391895218021479308e-01 1.813384292178212842e-01
-5.028167006425382501e-01 2.412453679543748564e+00
-9.605043816331479967e-01 -7.931173627076716359e-01
-2.288620040014528456e+00 2.514844150215370111e-01
-2.016406627799760098e+00 -5.394546333745013911e-01
-2.756705345605569568e-01 -7.097279658468882424e-01
1.738872677454510907e+00 9.943943913154988934e-01
1.319136876301575612e+00 -8.824188185499185488e-01
1.128594064514568451e+00 4.960009463439621902e-01
7.714059486768455320e-01 1.029438828782767157e+00
-9.087632459590531120e-01 -4.243176209779014885e-01
8.625960113284510955e-01 -2.655619092974932816e+00
1.513328082573205169e+00 5.531320642075839844e-01
-4.570396066023485471e-02 2.205076557571732931e-01
-1.029935283308976546e+00 -3.499433645891047440e-01
1.100284338220373748e+00 1.298021972326221185e+00
2.696224052563579665e+00 -7.392466628041513554e-02
-6.585529668050037477e-01 -5.142339659399888241e-01
-1.018041875287364784e+00 -7.785475594085075612e-02
3.827324300122681433e-01 -3.424228053195386978e-02
1.096346845665798542e+00 -2.342158013445365394e-01
-3.474506524985632727e-01 -5.812684768603252339e-01
-1.632634526234495231e+00 -1.567767724308454014e+00
-1.179157930637687812e+00 1.301428071664760822e+00
8.952602728899299311e-01 1.374964066392989848e+00
-1.332211654594501749e+00 -1.968624689786020232e+00
-6.600563201340828856e-01 1.758189532960280077e-01
4.986902749098274801e-01 1.047972155968052821e+00
2.842796708072146128e-01 1.742668780655631133e+00
-2.226056809483204779e-01 -9.130792180417963699e-01
-1.681218215494433510e+00 -8.889713580954499150e-01
2.421179609851230041e-01 -8.887202573536308048e-01
9.367424635352571416e-01 1.412327706037443065e+00
-2.369586905226602980e+00 8.640523004976479182e-01
-2.239604058661736730e+00 4.014990550902874933e-01
1.224870564193659694e+00 6.485610634357617810e-02
-1.279689173204239472e+00 -5.854312042777726210e-01
-2.616454457109007037e-01 -1.822447837899429379e-01
-2.028968407666670581e-01 -1.098827793093137967e-01
2.134800489101688903e-01 -1.208573653733221231e+00
-2.420198298702194994e-01 1.518261170355705403e+00
-3.846454231425177617e-01 -4.438360931551977862e-01
1.078197303714237831e+00 -2.559184666344096470e+00
1.181378601288285868e+00 -6.319037580051672931e-01
1.639285724525866295e-01 9.632135592119682455e-02
9.424681192203937519e-01 -2.675947462353476802e-01
-6.780257815644503694e-01 1.297845790651098730e+00
-2.364173817141180134e+00 2.033418170524324900e-02
-1.347925422629120407e+00 -7.615733882565589585e-01
2.011256681463136964e+00 -4.459542645585702625e-02
1.950696971513811717e-01 -1.781562855705591364e+00
-7.290446587946957102e-01 1.965574007287849145e-01
3.547576931132180866e-01 6.168865543932787743e-01
8.627898917576322380e-03 5.270042084546596728e-01
4.537819126356840149e-01 -1.829740411004531442e+00
3.700572191014953050e-02 7.679024077327036846e-01
5.898798207345194999e-01 -3.638588099707898982e-01
-8.056265075393678199e-01 -1.118311924321632178e+00
-1.310540115414123297e-01 1.133079879559721892e+00
-1.951804101481602105e+00 -6.598917297294979445e-01
-1.139802455426774053e+00 7.849575212405001112e-01
-5.543096265713008952e-01 -4.706376581547914162e-01
-2.169495699366489894e-01 4.453932508947973101e-01
-3.923889981496367363e-01 -3.046143054799926642e+00
5.433118913875196743e-01 4.390429576720425442e-01
-2.195410283312132504e-01 -1.084036620671934514e+00
3.517801106813582823e-01 3.792355335355867552e-01
-4.700328827008747878e-01 -2.167314705755386262e-01
-9.301565025243212492e-01 -1.785890920873291488e-01
-1.550429345083480959e+00 4.173188210318354852e-01
-9.443684908242938603e-01 2.381031478323121231e-01
-1.405962916267899265e+00 -5.900576458695396820e-01
-1.104894050659278315e-01 -1.660699811869263298e+00
1.151478731400921579e-01 -3.791475628799227393e-01
-1.742356197809230567e+00 -1.303242754112315716e+00
6.051200840821666649e-01 8.955559855513239853e-01
-1.319086397799670574e-01 4.047618120404974928e-01
2.238435633129106928e-01 3.296229821277380512e-01
1.285984007080293035e+00 -1.506998398214272061e+00
6.764607323616231849e-01 -3.820089555778202195e-01
-2.242589342516403406e-01 -3.022497304550700314e-01
-3.751471166612838637e-01 -1.226196191783019085e+00
1.833391992576012541e-01 1.670943032788857252e+00
-5.613302044875711355e-02 -1.385042735095726001e-03
-6.872990371566635170e-01 -1.174745464181114751e-01
4.661664260340307453e-01 -3.702424407043429233e-01
-4.538040410520010615e-01 4.032645401632468096e-01
-9.180047698190454408e-01 2.524966270768724264e-01
8.203217972614217368e-01 1.359948541679484313e+00
-9.038200727694681302e-02 1.367597239806713549e+00
1.034409886481518104e+00 -9.962126403710661604e-01
-1.217938511593150919e+00 -3.049636378544204329e-01
1.028935492594854173e+00 -7.228700756000490391e-02
-6.006575576577884990e-01 1.552243180048560767e+00
2.869044880033463918e-01 -2.320594275790741623e+00
3.171606262926887632e-01 5.200406145708678096e-01
2.256086544711037867e-01 4.497121002319925398e-01
-6.727560892298173334e-02 -1.318395869644734208e+00
-3.707040032204534374e-01 -9.456157955562913831e-01
-9.327409107943778199e-01 -1.263068349102275389e+00
4.524890926396463731e-01 9.789614541262708913e-02
-4.481653626807080570e-01 -6.493379277303881203e-01
-2.342310502145216952e-02 1.079194728112489177e+00
-2.004215715498915085e+00 3.768765208508927378e-01
-5.457119740177823752e-01 -1.884585844979447700e+00
-1.945703083163958791e+00 -9.127834941352918063e-01
2.195095557930452634e-01 3.930629339800916222e-01
-9.389815726777852589e-01 1.017020991413244646e+00
1.422983496516106117e+00 3.960865849565601837e-01
-5.914026678081107935e-01 1.124419184510368153e+00
7.553956956633383069e-01 8.674074113549179454e-01
-6.564636749715314634e-01 -2.834554505274702318e+00
2.116791021483675372e+00 -1.610878403449933716e+00
-3.576807186022112894e-02 2.380745351219750283e+00
3.305767562743739951e-01 9.492464735582356594e-01
-1.502396569381712732e+00 -1.777666954733706284e+00
-5.327027919795545019e-01 1.090749734434500073e+00
-3.462494476473099714e-01 -7.946363210714987302e-01
1.979672899449674561e-01 1.081935218477265259e+00
-1.444940199073371678e+00 -1.210542994123351646e+00
-7.886692545093662021e-01 1.094638374712091355e+00
2.348215259487319018e-01 2.132153410570443608e+00
9.364457258311158494e-01 -3.509517686967038308e-02
1.265077838088765949e+00 2.114970127318780146e-01
-7.049213525074449205e-01 6.799748442451023500e-01
-6.963266538610828338e-01 -2.903971008038667700e-01
1.327782695957983039e+00 -1.012814862173993524e-01
-8.031413873416283211e-01 -4.643376914354916396e-01
1.021790585588673084e+00 -5.525406734167291889e-01
-3.868708468506465437e-01 -5.102927396336285337e-01
1.839254943403099418e-01 -3.854897603756082813e-01
-1.601836048972536952e+00 -8.871809418450402607e-01
-9.327890415064382656e-01 1.243319384455154886e+00
8.126740421090423716e-01 5.872593793998259759e-01
-5.053583172644099397e-01 -8.157915419939713031e-01
-5.075176016573570426e-01 -1.051880102551673968e+00
2.497200391587007129e+00 -2.245321648371402024e+00
5.640085350738091030e-01 -1.284552297992527237e+00
-1.043434914946926445e-01 -9.880019424937344086e-01
-1.177628962482630826e+00 -1.140196300934961604e+00
1.754986153742058574e+00 -1.329884223095919860e-01
-7.657021944780862954e-01 5.557869640828729807e-01
1.034931456629935298e-02 7.200337593416528126e-01
-1.824256655937829930e+00 3.036039044620014171e-01
7.726948371023817375e-01 -1.661598291114563697e+00
4.481952844233124678e-01 1.696181572828160622e+00
-1.485770335470271673e-02 8.214059370248112391e-01
6.705704503109098935e-01 -7.075056975105769030e-01
3.976673458649516990e-02 -1.566994710861602469e+00
-4.513030371025261167e-01 2.656879749662359180e-01
7.231004937377981667e-01 2.461212524791161690e-02
7.199837301431654124e-01 -1.102906212955369725e+00
-1.016972745548715973e-01 1.927938451307721623e-02
1.849591246679636480e+00 -2.141666562000842378e-01
-4.990166379941828878e-01 2.135122384354860847e-02
-9.191134448699437298e-01 1.927538490652161707e-01
-3.650552165462576659e-01 -1.791327548041183659e+00
-5.858655113386084662e-02 -3.175430939301992495e-01
-1.632423302067983251e+00 -6.713415461452176825e-02
1.489355962074480288e+00 5.213037482757136853e-01
6.119271927311578096e-01 -1.341496725583042560e+00
4.768983689222224265e-01 1.484495813800780772e-01
5.290452383344316223e-01 4.226286217088256469e-01
-1.359780725503813681e+00 -4.140081155796743184e-02
-7.578708604251660486e-01 -5.008409428482209214e-02
-8.974009269018304868e-01 1.312470367140996297e+00
-8.589723884443423163e-01 -8.989421564655359909e-01
7.458640654355352950e-02 -1.077099069403994802e+00
-4.246633024328657080e-01 -8.299645975379619234e-01
